0 
0 
0 
0 
0 
0 
0 
0 
0 
0 
0 
0 
0 
0 
0 
0 
0 
0 
0 
0 
0 
0 
0 
0 
0 
0 
0 
0 
0 
0 
0 
0 
0 
0 
0 
0 
0 
0 
0 
0 
0 
0 
0 
0 
0 
0 
0 
0 
0 
0 
0 
0 
0 
0 
0 
0 
0 
0 
0 
0 
0 
0 
0 
0 
0 
0 
0 
0 
0 
0 
0 
0 
0 
0 
0 
0 
0 
0 
0 
0 
0 
2 
3 
0 
0 
0 
0 
0 
0 
0 
0 
0 
0 
0 
0 
0 
0 
0 
0 
0 
0 
0 
0 
0 
0 
0 
0 
0 
0 
0 
0 
0 
0 
0 
0 
0 
0 
0 
0 
0 
0 
0 
0 
0 
0 
0 
0 
0 
0 
0 
0 
0 
0 
0 
0 
0 
0 
0 
0 
0 
0 
0 
0 
0 
0 
0 
0 
0 
0 
0 
0 
0 
0 
0 
0 
0 
0 
0 
0 
0 
0 
0 
0 
20084 
-7642 
-126 
-21508 
5321 
-25694 
-23790 
-4900 
10062 
29910 
-23185 
-1364 
-2967 
-8892 
-31614 
19887 
21630 
21884 
25496 
-20817 
19059 
-8840 
-6087 
-5654 
-14222 
-25475 
-15275 
-22513 
13643 
-7937 
30372 
9741 
12497 
3169 
-17608 
22883 
32512 
6117 
-4989 
24069 
-17187 
9960 
-32530 
-30952 
6895 
25408 
632 
12155 
13376 
29162 
-3976 
7974 
6472 
-13097 
6732 
30951 
-29492 
29620 
18787 
4303 
-21645 
-8510 
27264 
8879 
9141 
28503 
-3522 
-26173 
-25574 
26512 
23204 
-4396 
-32645 
-1908 
28878 
-258 
-20910 
27503 
-32125 
10402 
-12089 
0 
0 
0 
0 
0 
0 
0 
0 
0 
0 
0 
0 
0 
0 
0 
0 
0 
0 
0 
0 
0 
0 
0 
0 
0 
0 
0 
0 
0 
0 
0 
0 
0 
0 
0 
0 
0 
0 
0 
0 
0 
0 
0 
0 
0 
0 
0 
0 
0 
0 
0 
0 
0 
0 
0 
0 
0 
0 
0 
0 
0 
0 
0 
0 
0 
0 
0 
0 
0 
0 
0 
0 
0 
0 
0 
0 
0 
0 
0 
0 
0 
